1 0.3234375 0.30703125 0.15 0.09765625
1 0.3265625 0.23515625 0.1375 0.0671875
1 0.4953125 0.4234375 0.08125 0.06484375
1 0.5140625 0.10546875 0.06640625 0.0578125
1 0.62109375 0.20078125 0.1359375 0.0921875
1 0.61953125 0.346875 0.1296875 0.11171875
1 0.7625 0.37890625 0.103125 0.0921875
1 0.75390625 0.15390625 0.1359375 0.0765625
1 0.88125 0.18671875 0.140625 0.0953125
1 0.88828125 0.34375 0.1515625 0.1
0 0.29296875 0.54140625 0.1984375 0.2921875
0 0.50390625 0.57890625 0.1328125 0.21953125
0 0.62265625 0.60859375 0.1515625 0.3484375
0 0.76484375 0.62265625 0.0921875 0.2671875
0 0.89453125 0.6796875 0.1453125 0.409375