1 0.1828125 0.3609375 0.0875 0.071875
1 0.26484375 0.415625 0.0578125 0.06484375
1 0.3296875 0.43984375 0.05859375 0.08203125
1 0.459375 0.34765625 0.09921875 0.0921875
1 0.553125 0.40546875 0.06640625 0.0828125
1 0.703125 0.38046875 0.065625 0.0796875
1 0.84609375 0.44765625 0.0828125 0.0703125
2 0.1984375 0.578125 0.13984375 0.26171875
2 0.325 0.63125 0.11171875 0.265625
2 0.4453125 0.56953125 0.125 0.2671875
2 0.56328125 0.61328125 0.1109375 0.2609375
2 0.709375 0.63125 0.1375 0.33125
2 0.8421875 0.67578125 0.121875 0.30078125